66,6
66,5
66,4
66,3
66,2
66,1
4294967279,315
4294967279,314
65,8
65,7
65,6
65,5
65,4
65,3
65,2
65,1
4294967294,1439
4294967278,325
64,7
64,6
64,5
64,4
64,3
64,2
64,1
4294967294,484
63,4
63,3
63,2
63,1
4294967294,1438
62,6
62,5
62,4
62,3
62,2
62,1
4294967278,324
61,6
61,5
61,4
61,3
61,2
61,1
4294967278,323
60,8
60,7
60,6
60,5
60,4
60,3
60,2
60,1
4294967278,322
4294967294,483
4294967294,482
59,4
59,3
59,2
59,1
4294967278,321
58,6
58,5
58,4
58,3
58,2
58,1
4294967278,320
57,4
57,3
57,2
57,1
4294967278,319
4294967294,1437
4294967294,1436
4294967294,1419
56,5
56,4
56,3
56,2
56,1
4294967279,313
55,4
55,3
55,2
55,1
4294967279,312
54,4
54,3
54,2
54,1
4294967279,311
4294967294,481
53,6
53,5
53,4
53,3
53,2
53,1
52,4
52,3
52,2
52,1
4294967279,310
51,6
51,5
51,4
51,3
51,2
51,1
50,7
50,6
50,5
50,4
50,3
50,2
50,1
4294967278,318
49,5
49,4
49,3
49,2
49,1
4294967279,309
48,4
48,3
48,2
48,1
4294967294,1435
47,11
47,10
47,9
47,8
47,7
47,6
47,5
47,4
47,3
47,2
47,1
4294967278,317
46,6
46,5
46,4
46,3
46,2
46,1
4294967278,316
45,4
45,3
45,2
45,1
4294967278,315
44,6
44,5
44,4
44,3
44,2
44,1
4294967278,314
43,6
43,5
43,4
43,3
43,2
43,1
42,6
42,5
42,4
42,3
42,2
42,1
4294967294,480
41,6
41,5
41,4
41,3
41,2
41,1
4294967278,313
40,5
40,4
40,3
40,2
40,1
39,6
39,5
39,4
39,3
39,2
39,1
4294967279,308
38,5
38,4
38,3
38,2
38,1
4294967278,312
37,6
4294967278,311
37,5
37,4
4294967278,310
37,3
37,2
37,1
4294967278,309
4294967279,307
4294967278,308
4294967279,306
4294967278,307
4294967279,305
36,9
4294967278,306
36,8
4294967279,304
36,7
4294967278,305
36,6
4294967279,303
36,5
4294967278,304
36,4
4294967279,302
36,3
36,2
36,1
4294967279,301
4294967278,303
4294967294,1434
4294967294,479
4294967294,478
4294967278,302
4294967279,300
35,4
35,3
35,2
35,1
4294967294,1433
34,4
34,3
34,2
34,1
4294967279,299
4294967294,1432
4294967294,1431
4294967294,393
4294967294,1430
33,6
33,5
33,4
33,3
33,2
33,1
4294967294,1429
4294967294,413
32,6
32,5
32,4
32,3
32,2
32,1
4294967294,1428
4294967294,477
4294967294,1427
4294967294,1426
4294967294,1418
31,5
31,4
31,3
31,2
31,1
30,4
30,3
30,2
30,1
29,4
29,3
29,2
29,1
28,4
28,3
28,2
28,1
4294967278,301
27,4
27,3
27,2
27,1
4294967278,300
26,4
26,3
26,2
26,1
4294967278,299
4294967294,476
25,4
25,3
25,2
25,1
4294967278,298
24,4
24,3
24,2
24,1
4294967278,297
23,4
23,3
23,2
23,1
4294967278,296
22,6
22,5
22,4
22,3
22,2
22,1
4294967278,295
21,4
21,3
21,2
21,1
4294967278,294
4294967294,1425
4294967294,1424
20,6
20,5
20,4
20,3
20,2
20,1
4294967278,293
19,6
19,5
19,4
19,3
19,2
19,1
4294967278,292
18,5
18,4
18,3
18,2
18,1
4294967279,298
17,5
17,4
17,3
17,2
17,1
4294967278,291
4294967294,475
16,5
16,4
16,3
16,2
16,1
4294967279,297
15,6
15,5
15,4
15,3
15,2
15,1
4294967279,296
14,4
14,3
14,2
14,1
4294967279,295
13,6
13,5
13,4
13,3
13,2
13,1
4294967279,294
12,5
12,4
12,3
12,2
12,1
4294967278,290
4294967294,1423
4294967294,924
11,6
11,5
11,4
11,3
11,2
11,1
4294967278,289
10,5
10,4
10,3
10,2
10,1
4294967279,293
9,8
9,7
9,6
9,5
9,4
9,3
9,2
9,1
4294967279,292
4294967294,474
4294967294,473
4294967294,974
8,4
8,3
8,2
8,1
4294967279,291
7,5
7,4
7,3
7,2
7,1
4294967278,288
6,4
6,3
6,2
6,1
4294967279,290
4294967279,283
